-1.13635 -0.297821
-1.13635 0.297821
-0.998336 -0.331685
-0.998336 0.331685
-0.902092 -0.299709
-0.902092 0.299709
-0.823452 -0.215816
-0.823452 0.215816
-0.717855 -0.79837
-0.717855 0.79837
-0.649485 -0.896572
-0.649485 0.896572
-0.622754 -0.692603
-0.622754 0.692603
-0.529901 -0.731494
-0.529901 0.731494
-0.336946 -1.11253
-0.336946 1.11253
-0.268129 -0.963383
-0.268129 0.963383
-0.249358 -0.823331
-0.249358 0.823331
0.149497 -0.892139
0.149497 0.892139
0.162747 -0.986668
0.162747 0.986668
0.182701 -1.09029
0.182701 1.09029
0.591627 -0.206291
0.591627 0.206291
0.693812 -0.332113
0.693812 0.332113
0.81902 -0.43161
0.81902 0.43161
0.955592 -0.503581
0.955592 0.503581
1.17263 -0.561311
1.17263 0.561311
1.50703 -0.525477
1.50703 0.525477