-1.2648 -0.208784
-1.2648 0.208784
-1.14236 -0.254821
-1.14236 0.254821
-1.06944 -0.264603
-1.06944 0.264603
-1.01271 -0.263002
-1.01271 0.263002
-0.967049 -0.254592
-0.967049 0.254592
-0.925062 -0.24024
-0.925062 0.24024
-0.923824 -0.551009
-0.923824 0.551009
-0.884491 -0.576448
-0.884491 0.576448
-0.881129 -0.218011
-0.881129 0.218011
-0.876118 -0.521263
-0.876118 0.521263
-0.84299 -0.501553
-0.84299 0.501553
-0.833888 -0.186011
-0.833888 0.186011
-0.798423 -0.476214
-0.798423 0.476214
-0.793538 -0.517171
-0.793538 0.517171
-0.790701 -0.785563
-0.790701 0.785563
-0.769664 -0.12705
-0.769664 0.12705
-0.743584 -0.894203
-0.743584 0.894203
-0.715847 -0.794863
-0.715847 0.794863
-0.648106 -0.76155
-0.648106 0.76155
-0.636473 -0.632337
-0.636473 0.632337
-0.625607 -0.694662
-0.625607 0.694662
-0.549778 -0.66114
-0.549778 0.66114
-0.433105 -1.08078
-0.433105 1.08078
-0.381825 -1.021
-0.381825 1.021
-0.3602 -0.976744
-0.3602 0.976744
-0.35148 -0.936195
-0.35148 0.936195
-0.332357 -0.901244
-0.332357 0.901244
-0.321338 -0.859259
-0.321338 0.859259
-0.319476 -0.797231
-0.319476 0.797231
-0.120526 -1.06769
-0.120526 1.06769
-0.116467 -0.993195
-0.116467 0.993195
-0.109059 -1.03604
-0.109059 1.03604
-0.104397 -0.924816
-0.104397 0.924816
-0.10049 -0.954636
-0.10049 0.954636
-0.0501998 -1.13581
-0.0501998 1.13581
-0.0388367 -0.878712
-0.0388367 0.878712
0.125866 -0.845029
0.125866 0.845029
0.132725 -0.930418
0.132725 0.930418
0.150262 -1.05335
0.150262 1.05335
0.155902 -0.987773
0.155902 0.987773
0.172439 -1.15771
0.172439 1.15771
0.25251 -0.897052
0.25251 0.897052
0.290755 -1.03292
0.290755 1.03292
0.356139 -0.826953
0.356139 0.826953
0.388289 -0.875058
0.388289 0.875058
0.406912 -0.913467
0.406912 0.913467
0.423667 -0.954788
0.423667 0.954788
0.439305 -1.02007
0.439305 1.02007
0.526792 -0.758218
0.526792 0.758218
0.54297 -0.121099
0.54297 0.121099
0.549482 -0.79741
0.549482 0.79741
0.566789 -0.823863
0.566789 0.823863
0.585931 -0.850305
0.585931 0.850305
0.593479 -0.195682
0.593479 0.195682
0.618007 -0.889505
0.618007 0.889505
0.64401 -0.253713
0.64401 0.253713
0.693781 -0.299634
0.693781 0.299634
0.742181 -0.339362
0.742181 0.339362
0.79235 -0.374691
0.79235 0.374691
0.844642 -0.406694
0.844642 0.406694
0.900085 -0.435714
0.900085 0.435714
0.961109 -0.462773
0.961109 0.462773
1.03142 -0.487744
1.03142 0.487744
1.11439 -0.509552
1.11439 0.509552
1.21479 -0.52465
1.21479 0.52465
1.34415 -0.529541
1.34415 0.529541
1.51976 -0.501096
1.51976 0.501096
1.75445 -0.391297
1.75445 0.391297