-1.23747 -0.282053
-1.23747 0.282053
-1.05797 -0.358856
-1.05797 0.358856
-0.991985 -0.332812
-0.991985 0.332812
-0.90609 -0.303994
-0.90609 0.303994
-0.847676 -0.287525
-0.847676 0.287525
-0.776857 -0.8692
-0.776857 0.8692
-0.768189 -0.175091
-0.768189 0.175091
-0.736009 -0.794833
-0.736009 0.794833
-0.68928 -0.724495
-0.68928 0.724495
-0.627208 -0.677336
-0.627208 0.677336
-0.571632 -0.63958
-0.571632 0.63958
-0.335846 -1.10859
-0.335846 1.10859
-0.288252 -1.03861
-0.288252 1.03861
-0.2503 -0.826216
-0.2503 0.826216
-0.248107 -0.893964
-0.248107 0.893964
-0.0644416 -1.08994
-0.0644416 1.08994
-0.0540559 -0.914283
-0.0540559 0.914283
0.120831 -0.872381
0.120831 0.872381
0.147272 -0.952746
0.147272 0.952746
0.15578 -1.12471
0.15578 1.12471
0.158457 -1.0251
0.158457 1.0251
0.379078 -0.831137
0.379078 0.831137
0.401591 -0.888697
0.401591 0.888697
0.422257 -0.934431
0.422257 0.934431
0.454264 -0.995984
0.454264 0.995984
0.56076 -0.154319
0.56076 0.154319
0.628659 -0.247545
0.628659 0.247545
0.700097 -0.320268
0.700097 0.320268
0.773043 -0.376492
0.773043 0.376492
0.84978 -0.428927
0.84978 0.428927
0.937839 -0.473375
0.937839 0.473375
1.04558 -0.509226
1.04558 0.509226
1.18119 -0.540347
1.18119 0.540347
1.37716 -0.542277
1.37716 0.542277
1.65775 -0.456207
1.65775 0.456207